2000Mhz memsize  time in ns
      1024     2.00589
      1536     2.00572
      2048     2.00577
      3072     2.00583
      4096     2.00575
      6144     2.00571
      8192     2.00579
     12288     2.00574
     16384     2.00581
     24576     2.00604
     32768     2.00697
     49152     3.49091
     65536     4.16940
     98304     4.80807
    131072     5.14068
    196608     5.46841
    262144     5.59177
    393216     5.74626
    524288     6.19719
    786432    10.74324
   1048576    13.17089
   1572864    16.36253
   2097152    17.96518
   3145728    19.59235
   4194304    20.40393
   6291456    20.06390
   8388608    19.89185
  12582912    19.73664
  16777216    21.68288
  25165824    60.47090
  33554432    78.21375
  50331648    92.45396
  67108864   100.96026
 100663296   109.39316
 134217728   113.76552

no cap
memsize  time in ns
      1024     0.91737
      1536     0.91418
      2048     0.91306
      3072     0.91614
      4096     0.91283
      6144     0.91271
      8192     0.91292
     12288     0.91605
     16384     0.91302
     24576     0.91319
     32768     0.91331
     49152     1.58066
     65536     1.90050
     98304     2.19116
    131072     2.34178
    196608     2.48439
    262144     2.54523
    393216     2.61251
    524288     2.81408
    786432     4.88663
   1048576     5.99676
   1572864     7.44557
   2097152     8.19066
   3145728     8.92407
   4194304     9.28429
   6291456     9.14901
   8388608     9.06295
  12582912     8.98475
  16777216    11.05604
  25165824    46.64720
  33554432    56.63007
  50331648    68.84910
  67108864    73.38477
 100663296    79.23348
 134217728    82.09328

