2000 MHz 
memsize  time in ns
      1024     2.00581
      1536     2.00602
      2048     2.00582
      3072     2.00589
      4096     2.00590
      6144     2.00586
      8192     2.00593
     12288     2.00599
     16384     2.00626
     24576     2.00879
     32768     2.00864
     49152     3.88640
     65536     4.74731
     98304     5.52991
    131072     5.95636
    196608     6.36162
    262144     6.73514
    393216     8.40234
    524288   161.62997
    786432   654.46859
   1048576   831.42327
   1572864   997.22301
   2097152  1076.93586
   3145728  1153.76040
   4194304  1190.96433
   6291456  1228.83456
   8388608  1243.73331
  12582912  1262.89961
  16777216  1273.30941
  25165824  1283.44342

 memsize  time in ns
      1024     0.91813
      1536     0.91199
      2048     0.91233
      3072     0.91234
      4096     0.91188
      6144     0.91241
      8192     0.91502
     12288     0.91886
     16384     0.91966
     24576     0.91300
     32768     0.91432
     49152     1.78332
     65536     2.15390
     98304     2.52637
    131072     2.68668
    196608     2.85849
    262144     2.96347
    393216     3.30103
    524288    87.04104
    786432   613.01908
