#[StartTime: 1665424555.006 (seconds since epoch), Mon Oct 10 13:55:55 EDT 2022]
       Value     Percentile TotalCount 1/(1-Percentile)

       0.000 0.000000000000          4           1.00
       0.000 0.100000000000       1012           1.11
       0.000 0.200000000000       2329           1.25
       0.000 0.300000000000       3097           1.43
       0.000 0.400000000000       4337           1.67
       0.000 0.500000000000       5124           2.00
       0.000 0.550000000000       5543           2.22
       0.000 0.600000000000       6209           2.50
       0.000 0.650000000000       6752           2.86
       0.000 0.700000000000       7193           3.33
       0.000 0.750000000000       7534           4.00
       0.000 0.775000000000       7816           4.44
       0.000 0.800000000000       8097           5.00
       0.000 0.825000000000       8342           5.71
       0.000 0.850000000000       8543           6.67
       0.000 0.875000000000       8798           8.00
       0.000 0.887500000000       8928           8.89
       0.000 0.900000000000       9057          10.00
       0.000 0.912500000000       9135          11.43
       0.000 0.925000000000       9285          13.33
       0.000 0.937500000000       9376          16.00
       0.000 0.943750000000       9450          17.78
       0.000 0.950000000000       9504          20.00
       0.000 0.956250000000       9565          22.86
       0.000 0.962500000000       9627          26.67
       0.000 0.968750000000       9690          32.00
       0.000 0.971875000000       9719          35.56
       0.000 0.975000000000       9753          40.00
       0.000 0.978125000000       9784          45.71
       0.000 0.981250000000       9817          53.33
       0.000 0.984375000000       9847          64.00
       0.000 0.985937500000       9860          71.11
       0.000 0.987500000000       9875          80.00
       0.000 0.989062500000       9891          91.43
       0.000 0.990625000000       9907         106.67
       0.000 0.992187500000       9922         128.00
       0.000 0.992968750000       9931         142.22
       0.000 0.993750000000       9939         160.00
       0.000 0.994531250000       9946         182.86
       0.000 0.995312500000       9954         213.33
       0.000 0.996093750000       9961         256.00
       0.000 0.996484375000       9965         284.44
       0.000 0.996875000000       9969         320.00
       0.000 0.997265625000       9973         365.71
       0.000 0.997656250000       9977         426.67
       0.000 0.998046875000       9981         512.00
       0.000 0.998242187500       9983         568.89
       0.000 0.998437500000       9985         640.00
       0.000 0.998632812500       9987         731.43
       0.001 0.998828125000       9989         853.33
       0.001 0.999023437500       9991        1024.00
       0.001 0.999121093750       9992        1137.78
       0.001 0.999218750000       9993        1280.00
       0.001 0.999316406250       9994        1462.86
       0.001 0.999414062500       9995        1706.67
       0.002 0.999511718750       9996        2048.00
       0.002 0.999560546875       9996        2275.56
       0.003 0.999609375000       9997        2560.00
       0.003 0.999658203125       9997        2925.71
       0.005 0.999707031250       9998        3413.33
       0.005 0.999755859375       9998        4096.00
       0.005 0.999780273438       9998        4551.11
       0.007 0.999804687500       9999        5120.00
       0.007 0.999829101563       9999        5851.43
       0.007 0.999853515625       9999        6826.67
       0.007 0.999877929688       9999        8192.00
       0.007 0.999890136719       9999        9102.22
       0.009 0.999902343750      10000       10240.00
       0.009 1.000000000000      10000
#[Mean    =        0.000, StdDeviation   =        0.000]
#[Max     =        0.009, Total count    =        10000]
#[Buckets =            4, SubBuckets     =         2048]
