#[StartTime: 1665427692.474 (seconds since epoch), Mon Oct 10 14:48:12 EDT 2022]
       Value     Percentile TotalCount 1/(1-Percentile)

      41.000 0.000000000000          1           1.00
      52.000 0.100000000000       1124           1.11
      57.000 0.200000000000       2056           1.25
      61.000 0.300000000000       3096           1.43
      68.000 0.400000000000       4138           1.67
      71.000 0.500000000000       5331           2.00
      72.000 0.550000000000       5750           2.22
      73.000 0.600000000000       6152           2.50
      75.000 0.650000000000       6778           2.86
      76.000 0.700000000000       7049           3.33
      78.000 0.750000000000       7532           4.00
      80.000 0.775000000000       7911           4.44
      81.000 0.800000000000       8065           5.00
      83.000 0.825000000000       8315           5.71
      85.000 0.850000000000       8522           6.67
      88.000 0.875000000000       8800           8.00
      89.000 0.887500000000       8887           8.89
      91.000 0.900000000000       9064          10.00
      93.000 0.912500000000       9189          11.43
      95.000 0.925000000000       9277          13.33
      99.000 0.937500000000       9397          16.00
     101.000 0.943750000000       9445          17.78
     105.000 0.950000000000       9501          20.00
     112.000 0.956250000000       9570          22.86
     118.000 0.962500000000       9625          26.67
     129.000 0.968750000000       9689          32.00
     138.000 0.971875000000       9719          35.56
     150.000 0.975000000000       9751          40.00
     161.000 0.978125000000       9782          45.71
     170.000 0.981250000000       9814          53.33
     182.000 0.984375000000       9845          64.00
     194.000 0.985937500000       9860          71.11
     206.000 0.987500000000       9877          80.00
     213.000 0.989062500000       9892          91.43
     225.000 0.990625000000       9907         106.67
     243.000 0.992187500000       9922         128.00
     258.000 0.992968750000       9930         142.22
     277.000 0.993750000000       9938         160.00
     303.000 0.994531250000       9946         182.86
     324.000 0.995312500000       9954         213.33
     419.000 0.996093750000       9961         256.00
     452.000 0.996484375000       9965         284.44
     511.000 0.996875000000       9969         320.00
     586.000 0.997265625000       9973         365.71
     708.000 0.997656250000       9977         426.67
     809.000 0.998046875000       9981         512.00
     819.000 0.998242187500       9983         568.89
    1071.000 0.998437500000       9985         640.00
    1118.000 0.998632812500       9987         731.43
    1210.000 0.998828125000       9989         853.33
    1518.000 0.999023437500       9991        1024.00
    1751.000 0.999121093750       9992        1137.78
    2587.000 0.999218750000       9993        1280.00
    2607.000 0.999316406250       9994        1462.86
    2653.000 0.999414062500       9995        1706.67
    2853.000 0.999511718750       9996        2048.00
    2853.000 0.999560546875       9996        2275.56
    3027.000 0.999609375000       9997        2560.00
    3027.000 0.999658203125       9997        2925.71
    4103.000 0.999707031250       9998        3413.33
    4103.000 0.999755859375       9998        4096.00
    4103.000 0.999780273438       9998        4551.11
    4131.000 0.999804687500       9999        5120.00
    4131.000 0.999829101563       9999        5851.43
    4131.000 0.999853515625       9999        6826.67
    4131.000 0.999877929688       9999        8192.00
    4131.000 0.999890136719       9999        9102.22
   10111.000 0.999902343750      10000       10240.00
   10111.000 1.000000000000      10000
#[Mean    =       78.270, StdDeviation   =      139.746]
#[Max     =    10111.000, Total count    =        10000]
#[Buckets =            4, SubBuckets     =         2048]
